K-MEANS CLUSTERING WITH SCIPY - DATA

*****************************************************************************
K-Means with one feature
*****************************************************************************
>>> z                       # z is test data array of size 50x1
array([ 47,  71,  62,  43,  98,  47,  78,  47,  53,  38,  93,  97,  98,
        86,  47,  36,  54,  36,  59,  32,  57,  47,  30,  53,  94, 175,
       215, 184, 233, 219, 199, 198, 235, 235, 221, 219, 241, 215, 250,
       176, 175, 198, 189, 180, 184, 216, 192, 220, 203, 209])
       
>>> centers                 # it is the centroids array of size 2x1
array([[207],[ 60]])        # obtained after kmeans clustering

>>> code                    # it is the labelled data
array([1, 1, 1, 1, 1, 1, 1, 1, 1, 1, 1, 1, 1, 1, 1, 1, 1, 1, 1, 1, 1, 1, 1,
       1, 1, 0, 0, 0, 0, 0, 0, 0, 0, 0, 0, 0, 0, 0, 0, 0, 0, 0, 0, 0, 0, 0,
       0, 0, 0, 0])
       
>>> distance                # distance between z and corresponding center
array([ 13.,  11.,   2.,  17.,  38.,  13.,  18.,  13.,   7.,  22.,  33.,
        37.,  38.,  26.,  13.,  24.,   6.,  24.,   1.,  28.,   3.,  13.,
        30.,   7.,  34.,  32.,   8.,  23.,  26.,  12.,   8.,   9.,  28.,
        28.,  14.,  12.,  34.,   8.,  43.,  31.,  32.,   9.,  18.,  27.,
        23.,   9.,  15.,  13.,   4.,   2.])
        
>>> a                       # data with centroid = 207, it is a column vector
array([175, 215, 184, 233, 219, 199, 198, 235, 235, 221, 219, 241, 215,
       250, 176, 175, 198, 189, 180, 184, 216, 192, 220, 203, 209])
       
>>> b                       # data with centroid = 60, it is a column vector
array([47, 71, 62, 43, 98, 47, 78, 47, 53, 38, 93, 97, 98, 86, 47, 36, 54,
       36, 59, 32, 57, 47, 30, 53, 94])
 
****************************************************************************** 
K-Means with more than one feature
******************************************************************************

>>> z
array([[33, 36],
       [30, 46],
       [32, 27],
       [27, 25],
       [37, 39],
       [47, 34],
       [36, 38],
       [42, 32],
       [37, 39],
       [31, 37],
       [33, 49],
       [31, 43],
       [42, 43],
       [38, 33],
       [35, 29],
       [46, 37],
       [36, 49],
       [45, 26],
       [36, 43],
       [48, 34],
       [47, 29],
       [35, 38],
       [44, 32],
       [31, 33],
       [43, 47],
       [83, 64],
       [67, 66],
       [73, 65],
       [68, 68],
       [74, 80],
       [70, 71],
       [61, 81],
       [78, 67],
       [78, 84],
       [72, 72],
       [78, 80],
       [80, 82],
       [62, 67],
       [83, 67],
       [68, 68],
       [83, 72],
       [70, 62],
       [75, 81],
       [69, 79],
       [71, 64],
       [80, 79],
       [62, 60],
       [72, 63],
       [76, 77],
       [68, 81]])
       
>>> center
array([[72, 72],
       [37, 36]])

>>> code
array([1, 1, 1, 1, 1, 1, 1, 1, 1, 1, 1, 1, 1, 1, 1, 1, 1, 1, 1, 1, 1, 1, 1,
       1, 1, 0, 0, 0, 0, 0, 0, 0, 0, 0, 0, 0, 0, 0, 0, 0, 0, 0, 0, 0, 0, 0,
       0, 0, 0, 0])